[gd_scene load_steps=2 format=2]

[ext_resource path="res://materials/DarkWood.tres" type="Material" id=1]


[node name="Triangle Beams" type="CSGCombiner"]
material_override = ExtResource( 1 )

[node name="Left front wall beam" type="CSGBox" parent="."]
transform = Transform( 1, 0, 0, 0, 0.707107, 0.707107, 0, -0.707107, 0.707107, 0, 0.228158, 0.804386 )
width = 0.5
height = 2.45
depth = 0.2

[node name="Right front wall beam" type="CSGBox" parent="."]
transform = Transform( 1, 0, 0, 0, 0.707107, -0.707107, 0, 0.707107, 0.707107, 0, 0.213878, -0.826444 )
width = 0.5
height = 2.4
depth = 0.2

[node name="Front wall horizontal beam" type="CSGBox" parent="."]
transform = Transform( 1, 0, 0, 0, 1, 0, 0, 0, 1, 0, 2.76566e-05, 0.000645757 )
width = 0.5
height = 0.2
depth = 2.01408

[node name="Front wall vertical beam" type="CSGBox" parent="."]
transform = Transform( 1, 0, 0, 0, 1, 0, 0, 0, 1, 0, 0.508178, 0.000645757 )
width = 0.5
height = 0.85
depth = 0.2

[node name="Front wall left tilt beam" type="CSGBox" parent="."]
transform = Transform( 1, 0, 0, 0, 0.707107, -0.707107, 0, 0.707107, 0.707107, 0, 0.287198, 0.206276 )
width = 0.5
height = 0.6
depth = 0.2

[node name="Front wall right tilt beam" type="CSGBox" parent="."]
transform = Transform( 1, 0, 0, 0, 0.707107, 0.707107, 0, -0.707107, 0.707107, 0, 0.315958, -0.223024 )
width = 0.5
height = 0.6
depth = 0.2
